# Created by Octave 5.2.0, Sun Aug 30 01:41:25 2020 -03 <ne555@aldo.jirdeb>
# name: x
# type: matrix
# rows: 388
# columns: 3
 -86.402788960649616 1.3349031230192041 -23.486372124098473
 -85.561304027546996 2.2739622770801571 -23.590872492419443
 -85.809192606170669 2.0478132013088244 -23.748822229455399
 -85.100131910301002 2.6782416528189401 -23.434293252017202
 -85.468281568533399 2.4574717763349496 -23.577681462319909
 -86.53658369451631 0.56176485704006984 -23.252531135970401
 -84.661230363352928 2.4837853117023285 -23.723639353810839
 -85.438815890908472 1.0167851575214568 -23.953540164116973
 -85.559590906754835 0.76012540044198518 -24.25779041680229
 -85.849793568944548 1.4620046939509705 -23.574597844894043
 -144.03045928768438 -0.34230380484127937 -31.66344028917479
 -152.23973412365305 -1.9392869991263086 -29.034142497387492
 -85.799941753893066 1.514724273208504 -23.593270861528449
 -85.837630411320305 2.4747229027118705 -23.819402806091862
 -86.493584362633413 1.042242132492762 -23.835677453617254
 -31.326983365597112 8.295359155774074 -7.7445565586829526
 -150.07383550614156 -0.69040309732239225 -30.234526236444932
 -84.633477806520133 2.1435766535898448 -24.398437633837563
 -84.618573655628452 1.8764497284703545 -24.846590033063233
 -85.84311239785518 0.025406266595857676 -25.248488170900931
 -86.946533500077095 2.2482997276137944 -24.643071282956164
 -81.825330204032682 1.5374505336371269 -18.510784095386569
 -140.26279272951538 -1.3507940314871603 -33.224093330820757
 -84.091446387884815 0.17332499614547825 -26.255460572524971
 -86.898394805817759 2.2656879036540869 -24.758535624346873
 -78.452024052215918 -3.2896887259520673 -23.821287238963219
 -78.453051924691209 -3.5016702927723435 -23.830709403320029
 -86.38565775272815 -0.13141555171055114 -25.150497661590123
 -83.664022750244115 -2.6654960341253666 -21.854453257499188
 -80.087026536241069 -3.2205300395730903 -23.149058640124718
 -85.663234714679731 1.6879156459321949 -24.833570315042913
 -89.138128929470824 1.638839874599558 -19.100611584122799
 -83.92852860055163 -1.6265996265396674 -21.702156819077313
 -87.200075377314846 1.787555890565844 -23.986774707484624
 -91.687595292344071 -0.7748736573415792 -17.987083069227211
 -84.457711613245849 -2.3884158772035016 -21.166635259452143
 -83.720213112226546 -1.6381443475579465 -21.555684991348741
 -89.152861768283287 -1.2508214414198346 -28.292189882308602
 -86.268137666386863 -1.235996094084594 -20.433419560413206
 -86.142908536480917 -1.3972984085107842 -20.435646617442995
 -79.178387268086269 -2.8951570075206003 -23.452281020334745
 -85.614239460024336 1.4109040138420161 -23.991742757781854
 -87.299779007417811 0.8881965977421068 -26.349853528172272
 -87.283846984050854 0.42490535007623387 -23.963476264711424
 -85.318897435458183 3.407294468332962 -25.418087129323489
 -84.935158378017235 -0.35729532489335825 -19.332910763537939
 -87.963613314374797 0.42494303873366118 -19.198773405512824
 -86.070957463210732 0.65474791427543566 -24.601613759786204
 -82.379353468213054 2.3873537423123707 -23.870625117777056
 -86.765799256505574 -0.77262090349990575 -24.48306580096963
 -86.503863087386307 -1.0186233361314307 -25.036917753070771
 -85.865040343994664 -0.47028591986020934 -18.954825004711083
 -85.84414027033047 -0.75151011597827766 -18.900005139362378
 -84.897298408510792 -1.8953797132235797 -21.829613006013055
 -81.165778699056077 2.3547701848457336 -24.385931852054892
 -84.08853408253816 1.9970705634454284 -24.098298871053398
 -86.266081921436282 -0.47172836756719722 -18.826683569458485
 -87.356311993558677 -0.38247134805475136 -21.798948143833623
 -84.506364243742837 2.069347129666113 -23.818203621537357
 -83.347609339934564 3.2653795419115004 -29.805560790091313
 -84.554331625922956 1.5255734671851715 -23.4226440306306
 -86.634060267589476 2.0963801757661935 -26.447501413324652
 -87.516831411782846 1.0805595052507153 -22.762407277337125
 -85.0151611190105 1.4398146403302896 -23.538964932417386
 -87.544755280694844 1.0647199904065237 -24.691723913453139
 -86.732050776900294 2.1820019529577031 -26.467030990355134
 -85.559248282596414 1.9022493276000894 -22.932520171997329
 -86.784814897298418 1.5161735733986603 -23.285423055179621
 -84.154831857194253 1.9516386000376886 -23.339900296369898
 -85.196066674661225 0.975500659551505 -23.217240847652167
 -85.611498466756885 2.2606684597330959 -24.438524660373805
 -84.472444452058326 0.86076782073904035 -23.478149144296168
 -88.327822794785263 0.37078101176913986 -23.100577321706954
 -87.056344542853722 1.2746903534168195 -23.723981977969267
 -86.168091412125477 0.97493875593168089 -23.1418635327977
 -86.098710020043526 0.88267007006664056 -23.031881177941859
 -86.482106453326026 1.7651996642283247 -23.107429804875544
 -85.514364517842154 2.342692683261097 -24.599044078597984
 -84.930019015640795 5.7153821115926888 -27.597005464855329
 -85.423911740016791 1.8373391807856374 -24.291881520566019
 -85.00642420297055 1.1852860055162489 -22.936460349819267
 -85.655696983194289 1.9225498089870316 -24.173162249670224
 -85.841056652904598 3.5106299145152722 -24.17470405838316
 -89.982868792078534 -2.7428605690987271 -24.32837099343875
 -91.166806571531367 -5.0182618676442878 -23.616740616380863
 -90.73664194062323 -4.9402120843540684 -23.941548318571947
 -85.88542648142122 2.5047196477823652 -25.038802185942131
 -86.536412382437092 0.78654686241926919 -23.596183166875097
 -85.780754801021033 0.72872047008034535 -23.805697839754682
 -85.016188991485791 1.5354650266390284 -25.381768968529972
 -87.539615918318404 2.1068644750141337 -27.299093759100955
 -85.872064139242468 2.1429770613125934 -22.668870882085898
 -86.069244342418585 0.074438182036215383 -23.585390505884572
 -87.506723999109184 0.8981721001147791 -23.40448495023384
 -87.028934610179363 2.1761259486406388 -25.583917222003326
 -87.310229044249908 1.7185856474740033 -23.832079899953747
 -86.308567317081526 1.1375567471262398 -25.136621383173729
 -85.439843763383763 2.0915663063402601 -26.053654943210045
 -85.776985935278304 0.74903979579600155 -23.823685608072225
 -84.096757062340473 2.3899919483322769 -22.146026416322616
 -85.291830126942259 1.4529868261011085 -23.413564490432218
 -86.572901855309823 0.72158532198105296 -23.646377606085007
 -86.750038545217819 1.1278433522347662 -25.036403816833129
 -86.754835283435838 -0.35047881726140512 -27.280763366624981
 -86.977540986414965 1.2871207578846386 -24.910832062768748
 -85.645246946362192 0.75332945025953779 -24.015555136792699
 -85.298168673873192 2.5817415585972969 -24.348071882548439
 -86.985250029979611 1.0176794065749577 -25.200863412879244
 -85.329690096448701 1.0987408562177721 -22.577047607626817
 -85.046511229506791 0.62326589347814909 -24.570092337210699
 -85.649529748342559 1.4488376475425284 -24.55810049166567
 -87.321364329398875 1.6278502047179346 -23.608003700340912
 -84.887019683757913 0.35863498535281729 -22.527195792575334
 -87.729087077929876 0.98395662378154281 -20.565158549329315
 -88.100662977746566 -1.4292463981635346 -20.808593013893411
 -86.693848183235403 -0.1352573963990201 -20.633683381015196
 -86.488102376098539 2.1494355266989875 -24.429787744333854
 -86.209720247374648 1.9019752282733455 -24.440580405324383
 -85.060901444160834 1.8546588319942441 -25.259109519812245
 -90.190156407928328 -0.048617168896578904 -20.139619344559986
 -87.450019700889115 0.1338406455039145 -19.524780292258409
 -81.609648296301373 -1.6906857622530966 -22.434002021482534
 -87.033902660476585 1.3668305552224487 -19.170506912442395
 -84.910489438610313 -4.0203176125948641 -22.624158429410858
 -86.380861014510131 1.2978174841108048 -19.077313141349599
 -85.039830058417422 1.8450139619344559 -24.464564096414438
 -84.199544309869296 0.98927929008274373 -24.101725112637695
 -84.480324807702203 0.84997687286930601 -24.328199681359532
 -86.620183989173071 0.58872766518767239 -20.275641135456464
 -86.332551008171592 -0.33130899559727955 -22.542785191783874
