# Created by Octave 5.2.0, Sun Aug 30 01:40:59 2020 -03 <ne555@aldo.jirdeb>
# name: x
# type: matrix
# rows: 166
# columns: 3
 -84.81712435543831 1.3349031230192041 -25.125486098024773
 -83.981121408870536 2.2739622770801571 -25.29063094238775
 -84.237918215613391 2.0478132013088244 -25.505970225960635
 -83.508985318554807 2.6782416528189401 -25.052849776437736
 -83.882445651242875 2.4574717763349496 -25.255683278227949
 -84.937385435047034 0.56176485704006984 -24.805989070289346
 -83.071968204478111 2.4837853117023285 -25.395987871104793
 -83.856063591043807 1.0167851575214568 -25.684991348740002
 -83.988145204118339 0.76012540044198518 -26.045260651328526
 -84.255734671851712 1.4620046939509705 -25.211313449711341
 -84.205197608483374 1.514724273208504 -25.222448734860297
 -84.246655131653341 2.4747229027118705 -25.509567779624142
 -29.764103266921349 8.295359155774074 -7.659859866719203
 -83.050554194576264 2.1435766535898448 -26.169975844996831
 -83.051068130813903 1.8764497284703545 -26.671920237095918
 -80.268274716050229 1.5374505336371269 -18.304010415774417
 -82.5780754801021 0.17332499614547825 -28.181008342898256
 -76.74489918284138 -3.2896887259520673 -24.817466979596734
 -76.761173830366786 -3.5016702927723435 -24.881023760985389
 -84.956229763760646 -0.13141555171055114 -27.174207253353433
 -81.927260891165446 -2.6654960341253666 -22.751100680108955
 -78.383841844688462 -3.2205300395730903 -24.151062991451528
 -84.136844088876714 1.6879156459321949 -26.735477018484573
 -87.629897384064563 1.638839874599558 -19.17102084868004
 -82.213865999691635 -1.6265996265396674 -22.65653641238244
 -82.713240710602506 -2.3884158772035016 -22.020454662258238
 -82.012231682455933 -1.6381443475579465 -22.512976890000516
 -84.434413170472652 -1.3972984085107842 -21.370325321638429
 -77.560687304061815 -2.8951570075206003 -24.708169873057752
 -84.040395388278839 1.4109040138420161 -25.707775855275557
 -85.81570246518082 0.42490535007623387 -25.940075034690697
 -84.569921025131492 0.65474791427543566 -26.511572130950956
 -85.297654737635554 -0.77262090349990575 -26.459664570948899
 -85.05901701128947 -1.0186233361314307 -27.062340465626235
 -83.25664262587155 -1.8953797132235797 -22.892433145461087
 -79.416682370273932 2.3547701848457336 -25.880629743203194
 -85.71188734517672 1.0805595052507153 -24.101039864320832
 -83.213129357751015 1.4398146403302896 -25.00556764257448
 -86.173744710739555 1.0647199904065237 -26.900793174926765
 -84.975416716632694 1.5161735733986603 -24.733181436623099
 -82.3332705189043 1.9516386000376886 -24.687441111472772
 -83.991571445702647 2.2606684597330959 -26.366299487776885
 -82.631353536737876 0.86076782073904035 -24.795539033457249
 -86.518595926198756 0.37078101176913986 -24.58585304849845
 -84.264471587891663 0.88267007006664056 -24.381477737995308
 -84.662258235828219 1.7651996642283247 -24.511332294040052
 -83.684580199749888 1.8373391807856374 -26.00123344697035
 -83.17801038151201 1.1852860055162489 -24.188580336799546
 -83.910198208075656 1.9225498089870316 -25.878402686173402
 -84.207595977592376 3.5106299145152722 -26.126462576876296
 -84.241687081356105 2.5047196477823652 -27.004608294930879
 -83.34641015538007 1.5354650266390284 -27.300635567813888
 -84.166309766501641 0.074438182036215383 -24.914258304353041
 -85.72250869408802 2.1761259486406388 -27.996505233584021
 -85.649872372500994 1.7185856474740033 -25.760882599832115
 -84.719819094444347 1.1375567471262398 -27.210525414146954
 -83.878334161341726 2.0915663063402601 -28.173984547650456
 -83.897349802134556 0.74903979579600155 -25.342881126548235
 -82.259263700683547 2.3899919483322769 -23.162934918541108
 -83.391979168451172 1.4529868261011085 -24.716735477018485
 -84.699946893255444 0.72158532198105296 -25.185445325749917
 -85.182704332482487 1.1278433522347662 -27.144741575728506
 -85.397015743580084 1.2871207578846386 -26.987991023247048
 -83.776403474208976 0.75332945025953779 -25.56695732616107
 -83.483802442910246 2.5817415585972969 -26.056224624398268
 -85.453034793483297 1.0176794065749577 -27.366419406232332
 -83.481575385880461 1.0987408562177721 -23.639011186678776
 -83.199938327651481 0.62326589347814909 -26.218799787573023
 -83.860860329261811 1.4488376475425284 -26.337005122231172
 -82.997790074178141 0.35863498535281729 -23.575111781131689
 -86.274647525397015 0.98395662378154281 -20.855189899439811
 -85.22998646634575 -0.1352573963990201 -20.913949942610454
 -84.633649118599365 2.1494355266989875 -26.14736265054049
 -83.255786065475476 1.8546588319942441 -27.103455364637764
 -79.693008754047241 -1.6906857622530966 -23.450910523701026
 -85.555136792695265 1.3668305552224487 -18.979493944117998
 -84.896270536035502 1.2978174841108048 -18.875164887876245
 -83.136552858342043 1.8450139619344559 -25.99866376578213
 -82.274853099892084 0.98927929008274373 -25.515049766159013
 -82.562657392972781 0.84997687286930601 -25.799941753893066
 -84.432871361759723 -0.33130899559727955 -23.560036318160794
 -84.193548387096769 -0.18941462662532335 -23.507272197762667
 -83.382043067856728 1.9030544943723982 -26.316961608963052
 -85.770818700426574 0.8264266013396605 -24.189950833433265
 -84.079797166498224 -0.17511863361485619 -23.683038391036952
 -86.388570058074805 0.67160330974937044 -24.247854316207839
 -85.577578675072374 3.5456803659226015 -29.252565398386242
 -84.685385366522198 -0.24137529337193567 -19.797509122368218
 -85.495862813286962 -0.40699809843592072 -20.027923868911998
 -83.885186644510298 0.98399602555976229 -23.897349802134549
 -83.537423123704457 1.8341870385280865 -24.637075360183648
 -84.742603600979905 -0.10578589416339747 -23.530741952615081
 -85.721309509533526 -0.19071659842735511 -19.826803487913935
 -85.454062665958574 -0.12782896202011204 -19.778493481575385
 -82.769088448426501 0.089537628698199506 -23.239682730029294
 -84.257790416802294 2.1052712726774363 -28.416733763897696
 -84.322546382745443 1.4487742620732189 -25.359498398232059
 -84.185839343532109 1.7453617254552618 -25.068953111883921
 -85.761739160228188 0.046306854196289382 -21.373408939064294
 -85.534921967347927 0.0077986397820910347 -21.350453120449526
 -84.774810271872269 0.52018570229386873 -18.511640655782642
 -84.28622822195193 -0.48292875130625468 -20.493207476059137
 -84.435441042947943 0.76721600740068185 -26.777277165812965
 -86.639884878282771 -1.1235793945831121 -21.367413016291778
 -85.208058520206265 0.02945865382968153 -25.851164065578267
 -83.2419097870591 0.34548849639388074 -28.536309595189557
 -85.613382899628263 -0.39946721943364227 -20.146471827728575
 -86.393709420451245 -1.3160313843729123 -21.270450379456257
 -85.632227228341876 1.0622753670361298 -26.24569578400973
 -86.491528617682846 0.10756000205574497 -19.58199852671612
 -84.402549123738723 0.84328713617597184 -24.696349339591936
 -85.423740427937588 2.2482997276137944 -24.294965137991881
 -85.758484230723113 0.9176879721789184 -24.693950970482931
 -86.436537440254924 0.81247665872920705 -24.72050434276121
 -84.41299916057082 0.89343703424528476 -24.818837476230453
 -85.17225429565039 1.0753704623713018 -24.461137854830145
 -85.959261987562741 0.96208007126582507 -24.652322135233756
 -85.674541311907916 2.0362667671697534 -25.050280095249516
 -84.825176023161404 0.55609100097647879 -20.618607918044301
 -85.214568379216431 1.0872663731519712 -24.502252753841674
 -85.900159320233669 0.97775341339317834 -24.644441779589879
 -85.913864286570856 1.5021396878693918 -29.116714919568977
 -86.139310982817406 2.7964298562691656 -24.263443715416376
 -84.540969283744204 1.2507186541723057 -24.341733335617494
 -86.113442858855976 2.4700460829493087 -24.772754526921695
 -86.467030990355141 0.64258989601356797 -20.871635859044424
 -87.578846384458572 -0.18079762904082369 -22.298151542665273
 -86.480907268771517 1.5654086649649668 -24.177445051650594
 -86.715262193137235 1.7882925325064671 -26.329467390745723
 -86.978568858890242 -0.17339523409795626 -19.841365014647184
