# Created by Octave 5.2.0, Sun Aug 30 01:41:12 2020 -03 <ne555@aldo.jirdeb>
# name: x
# type: matrix
# rows: 57
# columns: 3
 -91.527247186199105 1.3349031230192041 -17.813543932982714
 -90.661093313689548 2.2739622770801571 -17.715210799513475
 -90.245318897435467 2.6782416528189401 -17.8296472684289
 -90.589313552498595 2.4574717763349496 -17.77448477892176
 -91.716718345810577 0.56176485704006984 -17.865451492984771
 -89.79425419286315 2.4837853117023285 -17.939458311205524
 -91.003032223802109 1.4620046939509705 -17.90913607318452
 -90.956092714097267 1.514724273208504 -17.952649341305055
 -90.974423106573241 2.4747229027118705 -17.974919911602967
 -89.734294965137991 2.1435766535898448 -18.281911157555719
 -89.660802083154891 1.8764497284703545 -18.552412930635739
 -88.940777414215489 0.17332499614547825 -19.631679029688385
 -84.056670035804231 -3.2896887259520673 -20.288318229318349
 -84.000650985901018 -3.5016702927723435 -20.118547958816578
 -85.678481489729847 -3.2205300395730903 -19.59758792592466
 -84.45428537166157 -2.8951570075206003 -19.059839309269698
 -90.690387679235258 1.4109040138420161 -18.063145632398541
 -90.88088671132202 0.65474791427543566 -18.031110273585391
 -91.458379730354793 -0.77262090349990575 -17.693282853373994
 -91.113185890737157 -1.0186233361314307 -18.086101451013313
 -91.885118119678623 1.0647199904065237 -17.134120226817195
 -90.988470697068848 1.1852860055162489 -18.532198105288405
 -91.167491819848223 2.5047196477823652 -18.264608637555035
 -90.391105476847173 1.5354650266390284 -18.762270227673753
 -92.292498244051203 0.074438182036215383 -18.915937162729342
 -91.129289226183346 2.1761259486406388 -17.3520291915783
 -92.652082298322867 1.7185856474740033 -17.180545800284378
 -91.393281140253208 1.1375567471262398 -18.006612646257686
 -90.428451510115991 2.0915663063402601 -18.771349767872135
 -90.135850478817275 2.3899919483322769 -18.528771863704112
 -91.50788892124784 1.4529868261011085 -18.830452435201209
 -91.759888989772676 1.1278433522347662 -17.794185668031453
 -92.035187501070709 1.2871207578846386 -17.771229849416684
 -91.870556592945363 1.0176794065749577 -17.770715913179039
 -91.399277063025707 1.0987408562177721 -18.807667928665651
 -92.504239973960566 2.1494355266989875 -18.463673273602524
 -90.897503983005848 1.8546588319942441 -18.873794391242527
 -90.485327120415263 0.98927929008274373 -19.146865845510767
 -90.735785380227156 0.84997687286930601 -19.178044643927844
 -92.580473849211117 -0.33130899559727955 -18.917478971442279
 -92.314940126428311 -0.18941462662532335 -18.998338272831617
 -93.911911328867802 0.8264266013396605 -19.282031076011169
 -92.180802768403211 -0.17511863361485619 -19.039453171843146
 -91.632090178678496 3.5456803659226015 -18.952940571839719
 -92.816713206448199 -0.10578589416339747 -18.956709437582447
 -90.79026262141744 0.089537628698199506 -18.686036352423208
 -91.020163431723574 2.1052712726774363 -19.12065509739092
 -91.444332139859185 0.76721600740068185 -18.576225309646585
 -89.878711047915999 0.34548849639388074 -19.635276583351892
 -92.28941462662533 2.0362667671697534 -19.058811436794411
 -91.561509602042051 1.5021396878693918 -19.427646343343671
 -92.597433745053365 2.7964298562691656 -19.911945591283644
 -91.158069655491417 1.2507186541723057 -19.071659842735514
 -92.675723365254498 1.2924691209977215 -18.516780018159082
 -91.653504188580342 2.4131190790262624 -23.857948023915167
 -81.695133023829513 8.9934901409898416 -30.584002878042931
 -90.08000274099328 3.0044883764754253 -25.279153033080366


