# Created by Octave 5.2.0, Sun Aug 30 17:54:30 2020 ART <ne555@aldo.bedrij>
# name: x3
# type: matrix
# rows: 48
# columns: 3
 -92.114504993747104 1.3349031230192041 -17.123687321193017
 -91.244582255494848 2.2739622770801571 -17.001507546297091
 -91.451013310948554 2.0478132013088244 -16.945882514176077
 -91.127233481232764 1.0167851575214568 -17.244959142069106
 -91.547290699467226 1.514724273208504 -17.266373151970946
 -89.492059685128396 0.17332499614547825 -18.830281123121992
 -89.985267161187537 -1.6381443475579465 -17.729943638325938
 -92.508522775940932 0.42490535007623387 -16.352851489558528
 -91.990646360474884 -0.77262090349990575 -16.872663731519708
 -90.895790862213701 -1.8953797132235797 -17.618076850598737
 -91.561509602042051 1.4398146403302896 -17.792643859318524
 -90.791290493892731 1.9516386000376886 -18.037106196357904
 -91.18633614856185 0.86076782073904035 -18.285508711219229
 -94.898840217223722 0.37078101176913986 -17.283675671971633
 -93.104688811608113 1.7651996642283247 -17.593236599112604
 -94.71365185959263 -2.7428605690987271 -15.442756068730407
 -93.013379473386678 0.074438182036215383 -18.341013824884794
 -91.586349853528176 2.1761259486406388 -16.362530622034161
 -93.261610676168772 1.7185856474740033 -16.37404279375739
 -90.994123995682941 2.0915663063402601 -17.891319616946191
 -90.838572627755994 2.3899919483322769 -18.079248967844723
 -92.430061843660596 0.75332945025953779 -17.942199304472961
 -91.857365562845843 2.5817415585972969 -17.69499597416614
 -91.734877426207333 0.62326589347814909 -18.135096705668719
 -92.102170524043657 1.4488376475425284 -17.643088414164083
 -91.818820345022544 0.35863498535281729 -18.336731022904427
 -91.956726568790373 1.8450139619344559 -18.450482243502989
 -91.212546896681687 0.98927929008274373 -18.538022715981704
 -92.029534202456617 1.9030544943723982 -18.464701146077811
 -94.637931920579732 0.8264266013396605 -18.806640056190364
 -92.903911054768486 -0.17511863361485619 -18.588217155191614
 -95.258595583574603 0.67160330974937044 -18.497935689445463
 -92.14945265790692 3.5456803659226015 -17.992736367841299
 -92.386034639302423 1.8341870385280865 -18.78214242886266
 -93.537765747862878 -0.10578589416339747 -18.512154592020284
 -91.605365494321006 2.1052712726774363 -18.249704486663354
 -92.943826769225495 1.4487742620732189 -18.434207595977593
 -92.846864132389982 1.7453617254552618 -18.692888835591798
 -92.965412091206559 0.02945865382968153 -17.58107344148836
 -93.309064122111266 1.0622753670361298 -17.692083668819489
 -91.644595960461174 0.84328713617597184 -18.358145032806267
 -92.643688006441337 2.2482997276137944 -18.390865639936273
 -92.872389632192977 2.0362667671697534 -18.489712709643157
 -93.280968941120051 2.4700460829493087 -19.137957617391603
 -93.497507409247433 1.5654086649649668 -19.288712247100541
 -92.9880252856629 0.4171192160759255 -18.71224710054306
 -93.101433882103038 1.3465626231305572 -17.798639782091037
 -92.623815805252434 0.34313980778784714 -18.353176982509037


