# Created by Octave 5.2.0, Sun Aug 30 17:54:27 2020 ART <ne555@aldo.bedrij>
# name: x2
# type: matrix
# rows: 134
# columns: 3
 -91.993044729583886 1.3349031230192041 -17.267058400287805
 -91.123978551727689 2.2739622770801571 -17.149880938104946
 -91.331437479656699 2.0478132013088244 -17.09888133212273
 -90.713172185770816 2.6782416528189401 -17.289500282664932
 -91.05442584756652 2.4574717763349496 -17.215836088602607
 -92.188511811967871 0.56176485704006984 -17.345690644647355
 -90.260565672485569 2.4837853117023285 -17.382522741678518
 -91.006629777465605 1.0167851575214568 -17.395885083857266
 -90.784266698644927 0.57318794648210647 -17.786819248625221
 -91.041577441625421 1.7121734363489973 -17.460127113562777
 -91.471570760454327 1.4620046939509705 -17.363164476727253
 -88.639782091035244 1.5883524917341922 -19.113459990063898
 -90.541174858239259 -0.41055796344200229 -17.432888492967642
 -90.997892861425655 1.7647713840302881 -17.527624072773371
 -91.42497387490792 1.514724273208504 -17.409076113956797
 -91.440905898274892 2.4747229027118705 -17.412331043461876
 -90.196666266938493 2.1435766535898448 -17.693968101690849
 -90.117177462182866 1.8764497284703545 -17.947852603087046
 -92.810888595754889 1.6723245336028645 -17.316567591180853
 -89.378137152450634 0.17332499614547825 -18.996796464118685
 -83.040789406061023 -5.576345228102034 -21.142308944203659
 -84.573347266715786 -3.2896887259520673 -19.941411268908574
 -84.511503606119263 -3.5016702927723435 -19.755023726722971
 -90.748462474089052 1.3957925753344869 -17.469035341681941
 -81.28501190618951 9.1692049406403644 -15.044232778853237
 -89.908005413461709 -2.6654960341253666 -18.336045774587568
 -86.193788224007676 -3.2205300395730903 -19.249139156801945
 -86.12046665410378 -3.4187038528086622 -19.027118702139688
 -90.930053278056633 2.5779898240624948 -17.688314803076764
 -89.850101930687131 -1.6381443475579465 -17.817998047042298
 -92.278108029397146 -1.3972984085107842 -16.781594230209173
 -84.937728059205455 -2.8951570075206003 -18.633100919945864
 -91.150874548164396 1.4109040138420161 -17.492676408613573
 -92.097202473746421 -1.1924468504274237 -16.827660048310005
 -92.398540421085087 0.42490535007623387 -16.523324139585082
 -91.591489215904616 0.88580336799547743 -17.360423483459819
 -91.314820207972872 0.65474791427543566 -17.40119575831292
 -91.880664005619039 -0.77262090349990575 -17.043136381546265
 -91.527075874119888 -1.0186233361314307 -17.420896647422612
 -90.766792866565027 -1.8953797132235797 -17.714354239117402
 -91.821218714131547 0.50444212221403728 -17.327188940092167
 -91.421376321244409 1.4398146403302896 -17.92301235160091
 -92.272112106624647 1.0647199904065237 -16.41286211090744
 -90.648758843986101 1.9516386000376886 -18.157709900125059
 -91.222140373117711 1.7381152245044797 -17.941685368235316
 -91.042091377863059 0.86076782073904035 -18.403714045877376
 -94.758193000188442 0.37078101176913986 -17.415585972966955
 -92.962671097939108 1.7651996642283247 -17.718637041097768
 -91.998526716118761 0.92561458208418279 -18.112654823291592
 -90.901786784986214 0.96438421873126268 -18.30366779161599
 -91.53821115926884 1.1852860055162489 -18.102547410617923
 -94.615490038202594 -2.7428605690987271 -15.640912750758059
 -91.645109896698827 2.5047196477823652 -17.614307984856012
 -92.160759255135076 1.168207904339335 -17.214636904048106
 -90.877803093896162 1.5354650266390284 -18.126359789628768
 -93.027084439723851 1.3087626128518322 -16.746252548267179
 -91.028043787367452 2.066828842101657 -17.911191818135098
 -92.864166652390665 0.074438182036215383 -18.460760968255872
 -92.943312832987857 1.2832405392904254 -16.875027838212873
 -91.492128209960086 2.1761259486406388 -16.567968067428435
 -93.135524985866752 1.7185856474740033 -16.541620269645215
 -91.851540952152533 1.1375567471262398 -17.323420074349443
 -90.877117845579306 2.0915663063402601 -18.074109605468283
 -90.546142908536481 2.0644647354084937 -18.279170164288285
 -90.692957360423492 2.3899919483322769 -18.172785363095951
 -92.079043393349664 1.4529868261011085 -18.383327908450827
 -92.210611070186573 1.1278433522347662 -17.100611584122799
 -92.490877631781828 1.2871207578846386 -17.087214979528209
 -91.001147790930744 1.2337056515854934 -18.091754749627395
 -91.27987254381307 1.437721206722286 -18.502047179346615
 -92.284789200486529 0.75332945025953779 -18.079934216161583
 -91.717403594127433 2.5817415585972969 -17.845236667637437
 -92.309115515735016 1.0176794065749577 -17.059924965309303
 -91.958953625820172 1.0987408562177721 -18.437462525482673
 -91.245438815890921 1.2817998047042298 -17.780994637931919
 -89.962996590889631 1.4225583745909924 -17.799325030407896
 -91.592003152142254 0.62326589347814909 -18.280540660922004
 -91.799976016308918 0.47616363729806593 -17.918900861699761
 -92.273139979099923 0.06169992976204753 -18.796703955595909
 -91.964778236513453 1.4488376475425284 -17.798982406249465
 -91.669093587788879 0.35863498535281729 -18.433179723502306
 -92.119473044044341 2.1337776026587636 -18.00164459596046
 -93.052952563685267 2.1494355266989875 -17.887379439124253
 -92.921384886848372 2.0387850547342095 -17.634008873965705
 -91.831154814725991 1.7245301766227537 -17.908622136946875
 -91.588576910557961 1.5902729001421891 -18.482860226474571
 -91.428228804412996 1.8546588319942441 -18.258612714782522
 -90.603018518835768 0.34568036592260121 -19.074914772240593
 -93.909855583917221 0.74315693899576862 -16.585321981052886
 -88.496051256574106 -1.6906857622530966 -18.450310931423775
 -93.590701180340233 0.82463981635345118 -16.90014218902575
 -92.872732256351398 0.6802442910249602 -18.755417744505166
 -91.808541620269651 1.8450139619344559 -18.58701797063711
 -91.061963579051962 0.98927929008274373 -18.664622342521373
 -91.30916690935878 0.84997687286930601 -18.677470748462476
 -91.281756976684434 0.23439261302314429 -18.455964230037861
 -91.696846144621674 1.8560807222517259 -18.681239614205197
 -93.157281619927033 -0.33130899559727955 -18.560293286279617
 -94.3801072413616 -0.60290887910506574 -16.948589245027669
 -92.890206088431299 -0.18941462662532335 -18.650746064104982
 -91.884432871361767 1.9030544943723982 -18.606376235588371
 -94.487691227108428 0.8264266013396605 -18.905487125897249
 -92.75418429753482 -0.17511863361485619 -18.682267486680487
 -95.108526202182532 0.67160330974937044 -18.603292618162509
 -90.218765525157181 3.1041234817466981 -19.399722474431673
 -92.042553920476934 3.5456803659226015 -18.192143628047216
 -93.698456478166293 0.81538553783427281 -18.752334127079301
 -92.236307882068772 1.8341870385280865 -18.889383790451063
 -93.388381614787662 -0.10578589416339747 -18.604663114796224
 -91.602281876895134 2.7046237130180049 -19.085707433231118
 -88.287907080328239 2.8903260068867458 -19.710653898206363
 -91.358162164014189 0.089537628698199506 -18.335531838349926
 -91.484419166395426 2.1052712726774363 -18.430610042314086
 -92.798725438130646 1.4487742620732189 -18.559779350041975
 -92.700734928819841 1.7453617254552618 -18.808867113220156
 -91.929316636116013 0.76721600740068185 -17.964641186850084
 -92.83607147139945 0.02945865382968153 -17.729429702088293
 -90.334915114864756 0.34548849639388074 -18.974183269662344
 -93.181436623096303 1.0622753670361298 -17.845236667637437
 -91.522964384218739 0.84328713617597184 -18.472581501721685
 -92.522399054357336 2.2482997276137944 -18.497764377366249
 -92.751785928425818 2.0362667671697534 -18.608089356380518
 -91.522450447981086 -0.4850478817261405 -18.026998783684238
 -91.944220787007694 1.5021396878693918 -18.71224710054306
 -93.052952563685267 2.7964298562691656 -19.58011409384476
 -91.62266801432169 1.2507186541723057 -18.673187946482106
 -93.160193925273674 2.4700460829493087 -19.240230928682784
 -93.378959450430855 1.5654086649649668 -19.377965840371406
 -92.110564815925173 1.5663919962996591 -19.037740051050999
 -93.137066794579695 2.997995648673188 -18.618196769054187
