# Created by Octave 5.2.0, Sun Aug 30 17:54:23 2020 ART <ne555@aldo.bedrij>
# name: x1
# type: matrix
# rows: 343
# columns: 3
 -104.96428143148374 2.2123755846024706 147.34226440306307
 -110.73629931646482 1.3349031230192041 142.57704760762681
 -106.96880407037501 2.2739622770801571 145.87120757884639
 -104.22112963185035 2.0478132013088244 148.75627430490124
 -110.64327685745123 2.6782416528189401 141.63722954105495
 -108.14931560824355 2.4574717763349496 144.82209240573553
 -101.21134771212719 0.73168759529234406 149.58062803008241
 -115.3704623713018 0.56176485704006984 138.27557261062478
 -107.79332910763539 2.4837853117023285 144.47724119027635
 -105.63668134240146 1.0167851575214568 147.51323385811935
 -99.102324704914949 0.57318794648210647 151.78335874462508
 -205.11880492693541 -1.919757422095832 110.16685796515512
 -113.22049577715725 1.7121734363489973 139.37950764908436
 -110.79814297706132 1.4620046939509705 142.70758741198841
 -99.538999194833238 1.8328336731022907 150.26056567248557
 -95.756942422010184 1.5883524917341922 151.33846127490449
 -182.66150446267966 2.9358607575420144 34.631422061569566
 -206.10727562400427 -0.34230380484127937 99.051273705308972
 -204.7436314734552 -1.9392869991263086 109.43124389700718
 -115.84225583745911 -0.41055796344200229 135.70880372775085
 -113.49219673479178 1.7647713840302881 138.886128860946
 -111.10513422301406 1.514724273208504 142.27039898583249
 -108.30212598290306 2.4747229027118705 145.52704161170405
 -99.327600089082281 1.879704657975434 149.78997139088278
 -204.484950233841 -0.69040309732239225 106.60836345570726
 -115.73021773765268 -0.48029911089030886 137.10893735117264
 -113.29278947458585 1.6999897212752473 140.08873965703322
 -105.65638223151116 2.389409487262947 146.42454559470988
 -103.12113477121272 2.1435766535898448 149.4720161718603
 -99.870659380192905 1.8764497284703545 151.5572268000617
 -183.75447552806949 1.5374505336371269 36.031041748753708
 -207.24478782998989 -1.3507940314871603 93.858633272232026
 -115.71599883507788 0.73838247134805479 137.19288026998785
 -113.68115395816561 1.6723245336028645 140.44780977506724
 -91.801689137101064 0.17332499614547825 153.81100851421036
 -85.739297277851065 -0.11585647474003394 155.9190036489473
 -121.93514124680931 0.5517636578555154 59.856783101776507
 -139.29436554571464 -5.576345228102034 105.56798519863636
 -137.65645075634285 -3.2896887259520673 109.04168022887293
 -134.42995905641305 -3.5016702927723435 111.60810648758844
 -112.50852277594093 1.8370650814588936 137.8714474157573
 -110.05910266732909 1.620326178198825 141.13322940400528
 -107.69465335000773 1.3957925753344869 144.54422421324929
 -35.665633083788741 9.1692049406403644 174.22952392373188
 -148.93135524985868 -2.6654960341253666 106.32929607866652
 -138.82394257619106 -3.2205300395730903 109.88916108474808
 -135.56335977249756 -3.4187038528086622 112.46141195415689
 -132.29883679098214 -3.616929059667997 115.05233584020009
 -107.47657307316739 2.5779898240624948 144.40134993918423
 -121.67114933273946 -2.9663200452263889 58.705223305295256
 -176.23558837133606 1.638839874599558 49.889503708906517
 -105.20771589604783 2.5790176965377829 144.25093793363371
 -102.82613537080499 2.3084131362102345 147.38800472821339
 -100.09353639525123 2.0606958696657705 150.00119918455451
 -122.9472530108098 -1.6498483888098951 59.266270364723425
 -175.88439860894593 -0.7748736573415792 53.243451595772022
 -144.64632621246125 -1.6381443475579465 109.02660476590204
 -148.08610145101332 -1.3972984085107842 108.80852448906172
 -121.89197060284722 -2.8951570075206003 121.08817432717183
 -105.94298734003735 1.4109040138420161 146.15215938875849
 -103.02160245318898 1.1391773593956112 148.86026073698457
 -99.743545817415594 0.92203415962859558 151.2533191715348
 -96.252205643019892 0.70445068781799813 153.25064670309902
 -175.01242012574306 0.48331249036369561 47.489078854950066
 -150.57869220358728 -1.1924468504274237 106.39884878282768
 -90.102615935449606 0.42490535007623387 157.22200332345435
 -83.321569903893931 -1.2494492316653247 159.9787573021774
 -171.85513850581606 -0.80871807171123644 51.552943998081311
 -98.91336748154113 2.1607421239271583 149.54636561423948
 -97.390745721480826 0.88580336799547743 152.25361040206946
 -93.714045877374815 0.65474791427543566 154.01127233481233
 -98.661881349253946 2.2260462885238037 151.19233207133436
 -89.588679697805489 -0.77262090349990575 156.70070066640397
 -85.839857468350104 -1.0186233361314307 158.06897024309183
 -137.27579531632776 -1.8953797132235797 112.16949617117503
 -90.910352388946947 0.50444212221403728 156.05194182241792
 -87.501755948811962 -0.86901992359481273 157.62921213574768
 -129.68906857622531 1.4398146403302896 141.50771760916862
 -74.570263649289913 1.0647199904065237 166.20920631113702
 -135.11554999743032 1.9516386000376886 135.43059291110617
 -132.58955338940947 1.7381152245044797 138.76621040549571
 -160.35907011803405 -0.043715758998166959 49.702602230483279
 -137.89645897932266 0.86076782073904035 134.33333904373598
 -132.63769208366881 0.37078101176913986 143.36868072567799
 -141.02547410617925 1.3402960272728832 128.32799410686448
 -134.92402309286828 1.7651996642283247 138.96750209857296
 -132.35194353553871 1.6001970088910971 141.95518476007746
 -38.054066092200159 0.11022767375327636 189.79665256197217
 -138.11008514210337 0.92561458208418279 135.36789269011359
 -133.30700837716068 1.6209960084285544 140.87677522142087
 -122.37232967296524 0.96438421873126268 149.57428948315146
 -140.46888116081064 1.1852860055162489 130.43273431209636
 -120.726877152108 0.90330974937042818 151.77016771452557
 -70.883970328747878 -2.7428605690987271 172.34851729395442
 -138.11573844071745 1.4346889829201859 127.98674044506879
 -103.37005122231169 1.4439689582512463 161.66121323214503
 -86.236787555890572 -1.8209274835968683 167.8238226577356
 -99.660459458996456 2.5047196477823652 163.05021157041784
 -95.411748582392548 1.168207904339335 165.56473026913127
 -90.458259811899339 2.1161667209154915 166.45949325886968
 -102.37095917633152 1.5354650266390284 161.01519538142637
 -97.534647868021182 1.3087626128518322 165.33123190516164
 -92.789817210011492 2.2712555462285646 166.53350007709042
 -88.686892912819289 2.066828842101657 167.52402651910987
 -142.69867918386925 0.074438182036215383 137.56856765970568
 -104.70097476573073 1.7103935038459563 160.1082692340637
 -96.181111130145794 1.2832405392904254 165.8676100251829
 -61.44912887807719 2.1761259486406388 174.70234526236445
 -149.97019169821664 2.2631182224658661 119.49719904750485
 -103.66984736093742 1.7185856474740033 162.74767443852465
 -99.555959090675486 1.5114830486697617 163.62479228410396
 -92.142257550579899 1.1375567471262398 167.04195432819969
 -87.660048310006346 2.0915663063402601 167.73336987991024
 -101.47105682421667 2.8296986620526616 162.63546502663903
 -85.98410223904888 2.0644647354084937 167.98982406249465
 -150.20197694139415 2.3899919483322769 117.55469138128932
 -142.84155345793431 1.4529868261011085 136.07712469806248
 -100.00582461069331 2.8408510784095387 163.03153855378343
 -89.842392887122486 1.1278433522347662 168.27625785894165
 -144.76179055385197 1.6187740907611397 133.64175217994622
 -97.529337193565524 2.7355455433162597 162.59040994980558
 -92.196734791770169 1.2871207578846386 167.11236359275694
 -149.93558665821527 1.2337056515854934 118.24936186250493
 -146.62429547907422 1.6455912836414095 132.85645760882602
 -141.20603703767154 1.437721206722286 136.6356020763024
 -130.66897366933341 0.75332945025953779 148.96698816233535
 -120.33611429941925 2.5817415585972969 155.66717489250169
 -85.514535829921371 1.0176794065749577 170.02295581861478
 -145.89090846795608 3.9814640330289688 115.48866770595994
 -150.13619310297568 1.0987408562177721 120.27204358179296
 -89.964881023760981 1.2817998047042298 166.470114607781
 -149.32365991126034 1.4225583745909924 116.19892758638412
