# Created by Octave 5.2.0, Sun Aug 30 00:35:33 2020 -03 <ne555@aldo.jirdeb>
# name: result
# type: matrix
# rows: 50
# columns: 2
 15.979254000000001 0.0017006802721088435
 17.457562000000003 0
 18.935870000000001 0
 20.414178 0.0034013605442176869
 21.892486000000002 0.0051020408163265302
 23.370794000000004 0.01020408163265306
 24.849102000000002 0.013605442176870748
 26.32741 0.015306122448979591
 27.805718000000002 0.044217687074829932
 29.284026000000004 0.059523809523809521
 30.762334000000003 0.076530612244897961
 32.240642000000008 0.11224489795918367
 33.718950000000007 0.17176870748299319
 35.197258000000005 0.17176870748299319
 36.675566000000003 0.11734693877551021
 38.153874000000002 0.069727891156462579
 39.632182 0.052721088435374153
 41.110489999999999 0.034013605442176874
 42.588798000000004 0.017006802721088437
 44.06710600000001 0.0085034013605442185
 45.545414000000008 0.0017006802721088435
 47.023722000000006 0.0017006802721088435
 48.502030000000005 0
 49.980338000000003 0
 51.458646000000002 0.0017006802721088435
 52.936954 0
 54.415261999999998 0
 55.893570000000011 0
 57.371878000000009 0
 58.850186000000008 0.0017006802721088435
 60.328494000000006 0
 61.806802000000005 0
 63.285110000000003 0.0034013605442176869
 64.763418000000001 0
 66.241726 0
 67.720034000000012 0
 69.198342000000011 0
 70.676650000000009 0
 72.154958000000008 0
 73.633266000000006 0
 75.111574000000005 0
 76.589882000000003 0
 78.068190000000001 0.0017006802721088435
 79.546498000000014 0
 81.024806000000012 0
 82.503114000000011 0
 83.981422000000009 0
 85.459730000000008 0
 86.938038000000006 0
 88.416346000000004 0.0034013605442176869


